Odometry data: header: 
  seq: 301914
  stamp: 
    secs: 3021
    nsecs: 320000000
  frame_id: odom
child_frame_id: base_footprint
pose: 
  pose: 
    position: 
      x: 5.35945840333
      y: 5.78112468521
      z: 0.0
    orientation: 
      x: -0.0
      y: 0.0
      z: -0.246609030493
      w: -0.969115053066
  covariance: [0.1, 0.0, 0.0, 0.0, 0.0, 0.0, 0.0, 0.1, 0.0, 0.0, 0.0, 0.0, 0.0, 0.0, 1000000.0, 0.0, 0.0, 0.0, 0.0, 0.0, 0.0, 1000000.0, 0.0, 0.0, 0.0, 0.0, 0.0, 0.0, 1000000.0, 0.0, 0.0, 0.0, 0.0, 0.0, 0.0, 0.05]
twist: 
  twist: 
    linear: 
      x: 8.18623054801e-06
      y: 0.0
      z: 0.0
    angular: 
      x: 0.0
      y: 0.0
      z: -0.00464898280883
  covariance: [0.0, 0.0, 0.0, 0.0, 0.0, 0.0, 0.0, 0.0, 0.0, 0.0, 0.0, 0.0, 0.0, 0.0, 0.0, 0.0, 0.0, 0.0, 0.0, 0.0, 0.0, 0.0, 0.0, 0.0, 0.0, 0.0, 0.0, 0.0, 0.0, 0.0, 0.0, 0.0, 0.0, 0.0, 0.0, 0.0]

